9 0.2980956944315923 0.07975878303925638 0.3374106921168124 0.15951756607851275
9 0.3761337664204748 0.2971054480438115 0.454530164689861 0.594210896087623
9 0.3310453442447143 0.5311383829869852 0.6620906884894286 0.9377232340260295
14 0.6304110036387085 0.6943130661780847 0.7391779927225831 0.6113738676438306
14 0.5310969162908453 0.5716284462077297 0.7519079042829622 0.8038659269171052
14 0.6003485486438198 0.18783362361913694 0.31736079790367333 0.3756672472382739
9 0.4811262486677976 0.1370992568467979 0.3195296770253965 0.2741985136935958
14 0.4696527933634267 0.05137037686724572 0.19272445856520976 0.10274075373449144
14 0.8016323450502474 0.4150223201123336 0.19923109593037924 0.2394159724397621
14 0.8048648755362571 0.4979311133375213 0.15038158085659248 0.160773185383421
