14 0.549781190153388 0.6413921987742197 0.7151132283139509 0.7172156024515606
14 0.3321173239384071 0.40243063930070705 0.6642346478768142 0.8048612786014141
14 0.29104088503047965 0.19763314562787937 0.30891106655443573 0.39526629125575874
14 0.13173723463520057 0.15455455226067277 0.26347446927040113 0.30910910452134555
14 0.1537718852012193 0.12936188953432132 0.09762370225255884 0.12141817008478514
14 0.23806655037036376 0.10195842101024707 0.09506987643689152 0.11731332769707187
14 0.5053617102299752 0.43343671931950223 0.13701580346776365 0.17778954885592052
14 0.6813207706752333 0.898643439656925 0.24195168734200856 0.20271312068615
14 0.6726715409489987 0.8339262432102788 0.19036705383138142 0.238078559188314
14 0.7504228202070093 0.9556098284630987 0.22279799372450393 0.08878034307380256
14 0.7751747316381496 0.9422967672760949 0.06837670024010245 0.08906970975299933
