9 0.34712159555992605 0.9439393555777444 0.34486966667320834 0.11212128884451122
9 0.3960659783601812 0.7171570163740295 0.439126511555011 0.5656859672519411
9 0.3203940614234925 0.481578348834066 0.6330763962263687 0.963156697668132
14 0.6118402173324552 0.2739518166976489 0.7763195653350896 0.5479036333952978
14 0.5243559097569681 0.42387390974430283 0.7705561048429348 0.7184808347275695
14 0.6283757251341253 0.7978849090095406 0.3153207120900966 0.3598778643277787
9 0.5194606846039262 0.8688798166243668 0.3170662092175375 0.2622403667512666
14 0.5162627663120111 0.9533731701741436 0.1931065246384393 0.09325365965171284
14 0.807133559967579 0.535602155780958 0.19834301602076176 0.2236789504260316
14 0.8028050487649336 0.452782254889997 0.1541112209685871 0.1436961669455139
