14 0.4014113831694957 0.5 0.7438700802549093 1.0
14 0.6941919213109059 0.6284647918434808 0.6116161573781882 0.7430704163130384
14 0.8427173633060276 0.7859183849341327 0.3145652733879447 0.4281632301317345
14 0.905197849609526 0.8912035340345148 0.18960430078094803 0.2175929319309703
14 0.911229275907496 0.952588215096311 0.09434082970828195 0.09482356980737816
14 0.9227843705175662 0.8679974301894966 0.09028269729036609 0.14953755615273812
14 0.6414802374727591 0.5466893864815845 0.14504332679790588 0.20607070740011002
14 0.2342053393770226 0.36200081487527425 0.22060991956919895 0.38636602488232996
14 0.3187265898827626 0.3632879218193953 0.18621242655420217 0.29599621731544223
14 0.16813254564572064 0.28574347727127475 0.15734930698524596 0.35272910802225066
14 0.22509716159275356 0.23835091760305854 0.07297390911951693 0.10246400446720394
